[2.275423639730434e-06, 0.9999977350234985]
[0.8430647850036621, 0.15693515539169312]
[0.6381746530532837, 0.3618253171443939]
[0.05250554531812668, 0.9474944472312927]
[0.09976450353860855, 0.9002355337142944]
[0.629926860332489, 0.3700731694698334]
[0.3610911965370178, 0.6389088034629822]
[0.9950565099716187, 0.00494351563975215]
[0.10596147924661636, 0.8940386176109314]
[0.9322087168693542, 0.06779127568006516]
[0.9807282090187073, 0.019271744415163994]
[0.9627389907836914, 0.03726107254624367]
[0.18773916363716125, 0.8122608661651611]
[0.8661764860153198, 0.13382355868816376]
[0.9755276441574097, 0.024472329765558243]
[0.7711374163627625, 0.22886259853839874]
[0.3126595914363861, 0.6873403787612915]
[0.11465964466333389, 0.8853403925895691]
[0.42713144421577454, 0.5728685259819031]
[0.1156395971775055, 0.8843604326248169]
[0.13049593567848206, 0.8695040941238403]
[0.9987766146659851, 0.0012233678717166185]
[0.8568118810653687, 0.14318819344043732]
[0.15226618945598602, 0.8477337956428528]
[0.1361430436372757, 0.8638569116592407]
[0.12051746994256973, 0.8794825673103333]
[0.18348336219787598, 0.816516637802124]
[0.9995896220207214, 0.0004103989340364933]
[0.3396395146846771, 0.6603605151176453]
[0.21124903857707977, 0.7887510061264038]
[0.22193974256515503, 0.7780603170394897]
[0.5171339511871338, 0.4828660488128662]
[0.7110503911972046, 0.2889496386051178]
[0.15373355150222778, 0.8462664484977722]
[0.8888364434242249, 0.11116354167461395]
[0.10127424448728561, 0.8987258672714233]
[0.09243166446685791, 0.9075683951377869]
[0.2779600918292999, 0.7220399379730225]
[0.11221674084663391, 0.8877832889556885]
[0.8193708062171936, 0.18062925338745117]
[0.9467370510101318, 0.053262919187545776]
[0.24884110689163208, 0.7511588335037231]
[0.529517412185669, 0.47048258781433105]
[0.9830697178840637, 0.016930241137742996]
[0.16227085888385773, 0.8377292156219482]
[0.09942212700843811, 0.9005779027938843]
[0.10020735114812851, 0.8997926712036133]
[0.8443865776062012, 0.1556134670972824]
[0.27572089433670044, 0.7242791056632996]
[0.10066886246204376, 0.8993310928344727]
[0.9969890713691711, 0.003010899992659688]
[0.13625001907348633, 0.8637499213218689]
[0.9962318539619446, 0.0037681772373616695]
[0.13395443558692932, 0.8660455942153931]
[0.2871592044830322, 0.7128407955169678]
[0.932267963886261, 0.0677320659160614]
[0.11989212036132812, 0.8801078200340271]
[0.940450131893158, 0.05954992398619652]
[0.21230971813201904, 0.787690281867981]
[0.9893611073493958, 0.01063886471092701]
[0.21285030245780945, 0.7871496677398682]
[0.20343105494976044, 0.7965689301490784]
[0.1377529352903366, 0.862247109413147]
[0.09011746942996979, 0.9098824858665466]
[0.1756771057844162, 0.8243228793144226]
[0.986727774143219, 0.013272260315716267]
[0.15200918912887573, 0.8479908108711243]
[0.21236704289913177, 0.7876330018043518]
[0.975327730178833, 0.02467224933207035]
[0.19702298939228058, 0.8029770255088806]
[0.8910892605781555, 0.10891075432300568]
[0.18109114468097687, 0.8189088106155396]
[0.02119462750852108, 0.978805422782898]
[0.1453697830438614, 0.854630172252655]
[0.1072462797164917, 0.8927536606788635]
[0.330255925655365, 0.669744074344635]
[0.5389935970306396, 0.4610063433647156]
[0.1315482258796692, 0.8684518337249756]
[0.7849106192588806, 0.2150893211364746]
[0.8650522232055664, 0.13494780659675598]
[0.9872030019760132, 0.0127970390021801]
[0.9797926545143127, 0.02020728401839733]
[0.15707848966121674, 0.8429214954376221]
[0.0809003934264183, 0.9190996289253235]
[0.9617635607719421, 0.03823651373386383]
[0.8938364386558533, 0.1061636283993721]
[0.09603952616453171, 0.9039604663848877]
[0.4457303583621979, 0.5542696714401245]
[0.0752493217587471, 0.9247507452964783]
[0.9759218096733093, 0.02407822571694851]
[0.7229633331298828, 0.2770366072654724]
[0.9990719556808472, 0.000928032910451293]
[0.9997444152832031, 0.00025558305787853897]
[0.2278677374124527, 0.7721322774887085]
[0.13063150644302368, 0.8693684935569763]
[0.9911136627197266, 0.00888631958514452]
[0.16470909118652344, 0.8352909088134766]
[0.529815137386322, 0.4701848328113556]
[0.8598183989524841, 0.1401815563440323]
[0.17208820581436157, 0.8279117941856384]
[0.20896857976913452, 0.7910314202308655]
[0.9675046801567078, 0.032495301216840744]
[0.10390515625476837, 0.8960948586463928]
[0.19531643390655518, 0.8046835660934448]
[0.33774852752685547, 0.6622515320777893]
[0.44079655408859253, 0.5592033863067627]
[0.24656951427459717, 0.7534304261207581]
[0.09909923374652863, 0.9009007811546326]
[0.22970367968082428, 0.7702962756156921]
[0.49927884340286255, 0.5007211565971375]
[0.1844513863325119, 0.8155485987663269]
[0.18728972971439362, 0.8127102851867676]
[0.5800052881240845, 0.4199947714805603]
[0.10678882151842117, 0.8932112455368042]
[0.8700399994850159, 0.12996003031730652]
[0.26282191276550293, 0.7371780872344971]
[0.09834564477205276, 0.9016543626785278]
[0.5409185290336609, 0.4590814411640167]
[0.9851871728897095, 0.014812744222581387]
[0.9249314069747925, 0.07506860047578812]
[0.35308191180229187, 0.6469181180000305]
[0.7819692492485046, 0.21803076565265656]
[0.057650305330753326, 0.9423496723175049]
[0.030188091099262238, 0.9698118567466736]
[0.8050170540809631, 0.19498296082019806]
[0.11308414489030838, 0.8869158625602722]
[0.16578024625778198, 0.834219753742218]
[0.9771319627761841, 0.022868042811751366]
[0.10040251910686493, 0.8995975255966187]
[0.09929647296667099, 0.9007035493850708]
[0.13619209825992584, 0.8638079762458801]
[0.8664975166320801, 0.1335025578737259]
[0.11603029072284698, 0.8839697241783142]
[0.547224223613739, 0.452775776386261]
[0.6577948331832886, 0.3422051668167114]
[0.8738455176353455, 0.12615454196929932]
[0.8740367889404297, 0.1259632110595703]
[0.8004423379898071, 0.19955764710903168]
[0.12133210152387619, 0.8786678910255432]
[0.9211503267288208, 0.07884971052408218]
[0.22124436497688293, 0.7787557244300842]
[0.201960027217865, 0.7980399131774902]
[0.5987762212753296, 0.4012238383293152]
[0.9908636212348938, 0.009136321023106575]
[0.9314461350440979, 0.0685538500547409]
[0.05550295487046242, 0.9444970488548279]
[0.10132080316543579, 0.898679256439209]
[0.12273463606834412, 0.8772653937339783]
[0.850184440612793, 0.14981555938720703]
[0.1670173853635788, 0.83298259973526]
[0.14897949993610382, 0.8510205149650574]
[0.7359750270843506, 0.2640250325202942]
[0.1515457034111023, 0.8484542965888977]
[0.9861371517181396, 0.01386286597698927]
[0.9371412396430969, 0.06285877525806427]
[0.5034295916557312, 0.4965704083442688]
[0.3839091956615448, 0.6160907745361328]
[0.837978184223175, 0.16202181577682495]
[0.9958665370941162, 0.0041334666311740875]
[0.9981328845024109, 0.0018671868601813912]
[0.9935517311096191, 0.00644826702773571]
[0.8177404403686523, 0.18225955963134766]
[0.12902744114398956, 0.8709726333618164]
[0.8944669365882874, 0.10553304851055145]
[0.31238171458244324, 0.6876182556152344]
[0.05141250789165497, 0.9485875368118286]
[0.8584191799163818, 0.14158082008361816]
[0.11059689521789551, 0.8894031047821045]
[0.3027770221233368, 0.6972229480743408]
[0.9371415376663208, 0.06285840272903442]
[0.19628256559371948, 0.8037173748016357]
[0.10325556993484497, 0.8967445492744446]
[0.09098376333713531, 0.9090161919593811]
[0.8375526666641235, 0.16244740784168243]
[0.15080790221691132, 0.8491920828819275]
[0.12687084078788757, 0.8731292486190796]
[0.11837741732597351, 0.8816225528717041]
[0.9857059717178345, 0.014294090680778027]
[0.5410747528076172, 0.4589253067970276]
[0.25371524691581726, 0.7462847828865051]
[0.16946977376937866, 0.8305302262306213]
[0.9367480874061584, 0.06325189769268036]
[0.1655784547328949, 0.8344215154647827]
[0.9939161539077759, 0.006083792075514793]
[0.3320225775241852, 0.667977511882782]
[0.20874431729316711, 0.7912557125091553]
[0.10102452337741852, 0.8989754915237427]
[0.18220989406108856, 0.8177900910377502]
[0.24437515437602997, 0.7556248307228088]
[0.9999599456787109, 4.00543722207658e-05]
[0.7679139375686646, 0.23208604753017426]
[0.17967727780342102, 0.8203226923942566]
[0.951839029788971, 0.04816100001335144]
[0.8879004120826721, 0.1120995283126831]
[0.16917631030082703, 0.8308237195014954]
[0.8786376714706421, 0.12136241793632507]
[0.18207715451717377, 0.8179227709770203]
[0.0864720419049263, 0.9135279655456543]
[0.328166663646698, 0.6718332767486572]
[0.7951417565345764, 0.2048582285642624]
[0.892868161201477, 0.10713179409503937]
[0.6758369207382202, 0.3241631090641022]
[0.07977131009101868, 0.9202287197113037]
[0.8033177852630615, 0.19668224453926086]
[0.9316874146461487, 0.06831260025501251]
[0.20264293253421783, 0.7973571419715881]
[0.06580546498298645, 0.9341945052146912]
[0.8697579503059387, 0.13024207949638367]
[0.9878492951393127, 0.01215069554746151]
[0.11154239624738693, 0.8884575963020325]
[0.27081236243247986, 0.7291876077651978]
[0.5223860740661621, 0.4776138961315155]
[0.9927310347557068, 0.00726891215890646]
[0.10369221121072769, 0.8963077664375305]
[0.994185209274292, 0.00581479724496603]
[0.9075051546096802, 0.09249482303857803]
[0.8488008975982666, 0.15119902789592743]
[0.8681799173355103, 0.13182003796100616]
[0.9908825159072876, 0.009117485024034977]
[0.11278700828552246, 0.8872129917144775]
[0.08324811607599258, 0.9167519211769104]
[0.14036063849925995, 0.8596393465995789]
[0.9972202181816101, 0.002779792994260788]
[0.2886030375957489, 0.7113969922065735]
[0.06205536052584648, 0.9379446506500244]
[0.20656703412532806, 0.7934330105781555]
[0.9983729720115662, 0.0016270579071715474]
[0.9969837069511414, 0.003016318893060088]
[0.9590232372283936, 0.04097670689225197]
[0.9533628225326538, 0.046637166291475296]
[0.9991729259490967, 0.000827074924018234]
[0.1646483689546585, 0.8353516459465027]
[0.23692481219768524, 0.7630752325057983]
[0.3568313717842102, 0.6431686878204346]
[0.21375936269760132, 0.7862406373023987]
[0.9886155128479004, 0.011384495534002781]
[0.5696735978126526, 0.4303264319896698]
[0.7862535119056702, 0.21374648809432983]
[0.9314175248146057, 0.06858250498771667]
[0.9996358752250671, 0.0003641462535597384]
[0.7588521242141724, 0.24114783108234406]
[0.10104643553495407, 0.8989535570144653]
[0.6803430318832397, 0.31965699791908264]
[0.9771730303764343, 0.022827023640275]
[0.14556144177913666, 0.8544385433197021]
[0.9844740629196167, 0.015525954775512218]
[0.12831562757492065, 0.8716844916343689]
[0.8870455622673035, 0.11295440047979355]
[0.8520333766937256, 0.14796656370162964]
[0.9396212697029114, 0.060378771275281906]
[0.10024384409189224, 0.8997560739517212]
[0.496052086353302, 0.5039480328559875]
[0.1013483926653862, 0.8986515998840332]
[0.11510656774044037, 0.884893536567688]
[0.09776054322719574, 0.9022394418716431]
[0.859417200088501, 0.14058275520801544]
[0.8320111632347107, 0.16798879206180573]
[0.24543869495391846, 0.7545613050460815]
[0.09775746613740921, 0.9022425413131714]
[0.589847981929779, 0.41015201807022095]
[0.0790267139673233, 0.9209733009338379]
[0.10445787012577057, 0.8955422043800354]
[0.24922320246696472, 0.7507768273353577]
[0.8184565305709839, 0.18154345452785492]
[0.20699071884155273, 0.793009340763092]
[0.835781991481781, 0.1642180234193802]
[0.1609458327293396, 0.8390541672706604]
[0.1391480714082718, 0.8608520030975342]
[0.9937178492546082, 0.006282164249569178]
[0.4541016221046448, 0.5458983778953552]
[0.12406420707702637, 0.8759358525276184]
[0.09137521684169769, 0.9086248278617859]
[0.2575590908527374, 0.742440938949585]
[0.1633252650499344, 0.8366747498512268]
[0.11689562350511551, 0.8831042647361755]
[0.1880652755498886, 0.8119347095489502]
[0.6934660077095032, 0.3065339922904968]
[0.12113077938556671, 0.8788692355155945]
[0.8888611197471619, 0.11113893240690231]
[0.935911238193512, 0.06408872455358505]
[0.9998292326927185, 0.00017075536015909165]
[0.5569943785667419, 0.44300562143325806]
[0.1704384982585907, 0.8295615315437317]
[0.3200744092464447, 0.6799256205558777]
[0.23186954855918884, 0.7681304812431335]
[0.20813794434070587, 0.7918620705604553]
[0.14500942826271057, 0.854990541934967]
[0.1783369779586792, 0.8216630816459656]
[0.5479992032051086, 0.45200079679489136]
[0.9515951871871948, 0.04840490221977234]
[0.0019048165995627642, 0.9980952739715576]
[0.992681086063385, 0.007318838965147734]
[0.9380649328231812, 0.06193511560559273]
[0.5331375598907471, 0.46686235070228577]
[0.16264085471630096, 0.8373591899871826]
[0.45230981707572937, 0.5476901531219482]
[0.09473451972007751, 0.9052654504776001]
[0.0789463222026825, 0.9210537075996399]
[0.2927374839782715, 0.7072624564170837]
[0.09218350797891617, 0.907816469669342]
[0.2121603637933731, 0.7878395915031433]
[0.20195728540420532, 0.7980427742004395]
[0.7585847973823547, 0.2414151430130005]
[0.12779541313648224, 0.872204601764679]
[0.9863470196723938, 0.013652967289090157]
[0.9177723526954651, 0.08222769945859909]
[0.9015378355979919, 0.09846210479736328]
[0.9876648783683777, 0.012335116043686867]
[0.24688781797885895, 0.7531121969223022]
[0.2972026765346527, 0.7027973532676697]
[0.16417473554611206, 0.8358252644538879]
[0.9965230822563171, 0.0034768430050462484]
[0.8430332541465759, 0.15696679055690765]
[0.8574187159538269, 0.1425812840461731]
[0.820408046245575, 0.17959199845790863]
[0.202183797955513, 0.7978162169456482]
[0.9701189398765564, 0.029880981892347336]
[0.5371497273445129, 0.46285030245780945]
[0.18322692811489105, 0.816772997379303]
[0.33176520466804504, 0.6682348251342773]
[0.7405685186386108, 0.2594314515590668]
[0.34925732016563416, 0.6507426500320435]
[0.6660944223403931, 0.33390554785728455]
[0.18980558216571808, 0.8101944923400879]
[0.3107680678367615, 0.6892319917678833]
[0.8370112776756287, 0.16298872232437134]
[0.1528274565935135, 0.8471725583076477]
[0.09552466124296188, 0.9044753909111023]
[0.5562688112258911, 0.4437312185764313]
[0.4491575062274933, 0.5508425235748291]
[0.9827603101730347, 0.01723974570631981]
[0.38543838262557983, 0.6145615577697754]
[0.04022425040602684, 0.9597757458686829]
[0.0821753665804863, 0.9178246855735779]
[0.3363625109195709, 0.6636375784873962]
[0.15912887454032898, 0.8408711552619934]
[0.899151623249054, 0.10084836184978485]
[0.999645471572876, 0.00035450063296593726]
[0.9831136465072632, 0.016886308789253235]
[0.9917704463005066, 0.008229517377912998]
[0.980307400226593, 0.019692616537213326]
[0.1530136913061142, 0.8469862937927246]
[0.987069845199585, 0.012930191121995449]
[0.8910630345344543, 0.10893698036670685]
[0.8817697167396545, 0.11823026835918427]
[0.931752622127533, 0.06824736297130585]
[0.4424804151058197, 0.5575195550918579]
[0.1564137488603592, 0.8435862064361572]
[0.1769055724143982, 0.8230944275856018]
[0.6449894905090332, 0.3550105392932892]
[0.13491830229759216, 0.8650816679000854]
[0.7636845111846924, 0.2363155335187912]
[0.10897685587406158, 0.8910232186317444]
[0.5706512331962585, 0.42934876680374146]
[0.10697750002145767, 0.8930225372314453]
[0.8616387248039246, 0.13836127519607544]
[0.9999746084213257, 2.5354825993417762e-05]
[0.10928020626306534, 0.8907197713851929]
[0.5416688323020935, 0.4583311676979065]
[0.1346418261528015, 0.8653581738471985]
[0.9750925898551941, 0.02490735612809658]
[0.9786925911903381, 0.02130739577114582]
[0.9446771740913391, 0.05532277375459671]
[0.5482140183448792, 0.45178598165512085]
[0.1155133917927742, 0.8844866156578064]
[0.9720091223716736, 0.027990803122520447]
[0.5967607498168945, 0.40323925018310547]
[0.8751779198646545, 0.12482211738824844]
[0.9831346273422241, 0.016865313053131104]
[0.8424325585365295, 0.15756748616695404]
[0.11832290887832642, 0.8816770315170288]
[0.15732023119926453, 0.8426797389984131]
[0.9710766673088074, 0.028923315927386284]
[0.9869369864463806, 0.013063009828329086]
[0.14296835660934448, 0.8570316433906555]
[0.9571472406387329, 0.04285269230604172]
[0.21121160686016083, 0.7887883186340332]
[0.4554584324359894, 0.544541597366333]
[0.33101072907447815, 0.6689893007278442]
[0.9899738430976868, 0.010026068426668644]
[0.20828910171985626, 0.7917109131813049]
[0.8348949551582336, 0.16510500013828278]
[0.9998778104782104, 0.000122146651847288]
[0.2824985980987549, 0.7175014615058899]
[0.13253600895404816, 0.867464005947113]
[0.4363356828689575, 0.5636643171310425]
[0.1504262089729309, 0.8495739102363586]
[0.9930385947227478, 0.006961372215300798]
[0.46296605467796326, 0.5370339751243591]
[0.8615850806236267, 0.1384149044752121]
[0.6462864875793457, 0.3537135422229767]
[0.5498778223991394, 0.45012223720550537]
[0.9651827812194824, 0.034817229956388474]
[0.08400721102952957, 0.9159927368164062]
[0.29878363013267517, 0.7012163996696472]
[0.1651923954486847, 0.8348075747489929]
[0.10415670275688171, 0.8958432078361511]
[0.8438239097595215, 0.15617607533931732]
[0.9276213645935059, 0.07237862795591354]
[0.14715798199176788, 0.8528420329093933]
[0.07949969917535782, 0.9205002188682556]
[0.09713490307331085, 0.9028651118278503]
[0.1132679209113121, 0.8867321014404297]
[0.6014817357063293, 0.3985183537006378]
[0.20947159826755524, 0.790528416633606]
[0.18840911984443665, 0.8115909099578857]
[0.31258219480514526, 0.6874178051948547]
[0.6224074363708496, 0.37759262323379517]
[0.1142108216881752, 0.8857892155647278]
[0.15167586505413055, 0.8483241200447083]
[0.5540008544921875, 0.4459991455078125]
[0.14108391106128693, 0.8589160442352295]
[0.1545296311378479, 0.8454703688621521]
[0.033360108733177185, 0.9666398763656616]
[0.9993951320648193, 0.0006049134535714984]
[0.6378047466278076, 0.3621952533721924]
[0.12569239735603333, 0.8743076324462891]
[0.5473746061325073, 0.4526253938674927]
[0.9998475909233093, 0.00015245008398778737]
[0.10423637926578522, 0.895763635635376]
[0.5606213212013245, 0.4393787384033203]
[0.07195853441953659, 0.9280414581298828]
[0.9994640946388245, 0.0005358967464417219]
[0.9470126032829285, 0.052987419068813324]
[0.2830604612827301, 0.7169395089149475]
[0.454994261264801, 0.545005738735199]
[0.6288027167320251, 0.37119731307029724]
[0.1783137023448944, 0.8216862082481384]
[0.14931820333003998, 0.8506817817687988]
[0.8961297869682312, 0.10387023538351059]
[0.9837977290153503, 0.016202270984649658]
[0.9831444025039673, 0.016855601221323013]
[0.6364115476608276, 0.36358851194381714]
[0.9905184507369995, 0.009481512010097504]
[0.9540159106254578, 0.04598415270447731]
[0.116449274122715, 0.8835507035255432]
[0.5656402707099915, 0.43435975909233093]
[0.9512262940406799, 0.04877365007996559]
[0.14267826080322266, 0.8573217988014221]
[0.9981096982955933, 0.0018903149757534266]
[0.825361430644989, 0.17463858425617218]
[0.9288964867591858, 0.07110350579023361]
[0.22879700362682343, 0.7712029814720154]
[0.9676669836044312, 0.03233301639556885]
[0.8827768564224243, 0.11722316592931747]
[0.10643946379423141, 0.8935605883598328]
[0.28553953766822815, 0.7144604325294495]
[0.9932550191879272, 0.006744974292814732]
[0.7455107569694519, 0.2544892728328705]
[0.3307889997959137, 0.6692110300064087]
[0.12047425657510757, 0.8795257806777954]
[0.10934525728225708, 0.8906548023223877]
[0.9918650984764099, 0.008134854957461357]
[0.13335949182510376, 0.8666405081748962]
[0.8429657220840454, 0.15703435242176056]
[0.5753936767578125, 0.4246063232421875]
[0.8371642827987671, 0.1628357321023941]
[0.9879121780395508, 0.01208783220499754]
[0.9940316081047058, 0.0059683658182621]
[0.7466918230056763, 0.2533082067966461]
[0.17108552157878876, 0.8289145231246948]
[0.2566826045513153, 0.7433173656463623]
[0.8482906818389893, 0.15170936286449432]
[0.7480907440185547, 0.2519093155860901]
[0.09688189625740051, 0.9031181335449219]
[0.9480022192001343, 0.05199778079986572]
[0.9386783242225647, 0.06132165715098381]
[0.9308770298957825, 0.06912291049957275]
[0.39944732189178467, 0.6005526781082153]
[0.14239349961280823, 0.8576065301895142]
[0.07762382924556732, 0.9223761558532715]
[0.33988821506500244, 0.6601117849349976]
[0.9575891494750977, 0.042410869151353836]
[0.9681676626205444, 0.03183237835764885]
[0.99905925989151, 0.0009407963952980936]
[0.22550569474697113, 0.7744943499565125]
[0.5140672326087952, 0.48593273758888245]
[0.8469043970108032, 0.15309563279151917]
[0.9003238081932068, 0.0996762067079544]
[0.11301199346780777, 0.8869879841804504]
[0.781085729598999, 0.2189142107963562]
[0.18781691789627075, 0.812183141708374]
[0.5292893052101135, 0.47071072459220886]
[0.23699577152729034, 0.7630043029785156]
[0.12774713337421417, 0.8722528219223022]
[0.1724882274866104, 0.8275118470191956]
[0.10769478231668472, 0.8923052549362183]
[0.10013892501592636, 0.8998611569404602]
[0.10100074857473373, 0.8989992737770081]
[0.9568793177604675, 0.04312067851424217]
[0.19133415818214417, 0.8086658716201782]
[0.9759401082992554, 0.02405998297035694]
[0.998679518699646, 0.0013205400900915265]
[0.09439536184072495, 0.9056046009063721]
[0.048392705619335175, 0.951607346534729]
[0.30604276061058044, 0.6939572691917419]
[0.9979009628295898, 0.002098994329571724]
[0.16110259294509888, 0.8388973474502563]
[0.7906954288482666, 0.2093045860528946]
[0.06417026370763779, 0.9358298182487488]
[0.4401356279850006, 0.559864342212677]
[0.11850178241729736, 0.8814982175827026]
[0.8916161060333252, 0.10838398337364197]
[0.07552089542150497, 0.9244791865348816]
[0.5704751014709473, 0.42952489852905273]
[0.07837075740098953, 0.9216292500495911]
[0.9631601572036743, 0.03683993220329285]
[0.9505259394645691, 0.049474138766527176]
[0.9998899102210999, 0.00011015357449650764]
[0.7866950631141663, 0.21330489218235016]
[0.9831768870353699, 0.016823051497340202]
[0.9966583251953125, 0.0033416785299777985]
[0.14307931065559387, 0.8569206595420837]
[0.9924983382225037, 0.007501694839447737]
[0.36371561884880066, 0.6362844109535217]
[0.264738529920578, 0.7352614998817444]
[0.09200394153594971, 0.9079961180686951]
[0.981749415397644, 0.01825057715177536]
[0.04396562650799751, 0.9560344219207764]
[0.9284273982048035, 0.07157263159751892]
[0.183245450258255, 0.8167545199394226]
[0.06746052205562592, 0.9325395822525024]
[0.7655482292175293, 0.23445183038711548]
[0.11046157032251358, 0.8895384669303894]
[0.4295637011528015, 0.5704362988471985]
[0.6875338554382324, 0.31246617436408997]
[0.8702285885810852, 0.12977150082588196]
[0.29826048016548157, 0.701739490032196]
[0.1196569949388504, 0.8803430199623108]
[0.8778538107872009, 0.12214618921279907]
[0.9977153539657593, 0.002284684684127569]
[0.0034954091534018517, 0.9965046644210815]
[0.9925245046615601, 0.007475410588085651]
[0.11768799275159836, 0.8823120594024658]
[0.9650403261184692, 0.034959644079208374]
[0.17075291275978088, 0.8292471170425415]
[0.9080695509910583, 0.09193055331707001]
[0.9996439814567566, 0.00035612969077192247]
[0.1421942114830017, 0.8578057885169983]
[0.9630759358406067, 0.03692410886287689]
[0.8777279257774353, 0.1222720518708229]
[0.8704364895820618, 0.12956349551677704]
[0.42220351099967957, 0.5777965188026428]
[0.128879114985466, 0.871120810508728]
[0.8255528807640076, 0.17444708943367004]
[0.8615325689315796, 0.13846740126609802]
[0.07161696255207062, 0.9283829927444458]
[0.12056336551904678, 0.8794366121292114]
[0.7541372179985046, 0.24586273729801178]
[0.09195442497730255, 0.9080455303192139]
[0.5505995750427246, 0.449400395154953]
[0.16839753091335297, 0.8316025137901306]
[0.6859120726585388, 0.3140878677368164]
[0.14783360064029694, 0.8521664142608643]
[0.13824963569641113, 0.8617503643035889]
[0.7359576225280762, 0.26404231786727905]
[0.5527556538581848, 0.44724440574645996]
[0.8619754910469055, 0.13802455365657806]
[0.993873119354248, 0.006126869469881058]
[0.9720420241355896, 0.02795792929828167]
[0.9034826755523682, 0.09651735424995422]
[0.9588097333908081, 0.0411902479827404]
[0.5711271166801453, 0.4288729131221771]
[0.29483747482299805, 0.7051624655723572]
[0.20617829263210297, 0.7938217520713806]
[0.09639325737953186, 0.9036067724227905]
[0.06625182926654816, 0.933748185634613]
[0.5428866147994995, 0.4571133852005005]
[0.2199440449476242, 0.7800559401512146]
[0.9989361763000488, 0.00106383569072932]
[0.7084071040153503, 0.29159286618232727]
[0.9519495964050293, 0.048050377517938614]
[0.5402564406394958, 0.45974358916282654]
[0.6479377746582031, 0.3520621657371521]
[0.9706318378448486, 0.029368160292506218]
[0.12643161416053772, 0.8735684156417847]
[0.10466235876083374, 0.8953376412391663]
[0.9464390873908997, 0.05356086418032646]
[0.16762201488018036, 0.8323779702186584]
[0.27707451581954956, 0.7229254841804504]
[0.20484301447868347, 0.7951570153236389]
[0.12436115741729736, 0.8756389021873474]
[0.9079793095588684, 0.092020682990551]
[0.9723772406578064, 0.02762279473245144]
[0.8473312258720398, 0.1526688188314438]
[0.5249706506729126, 0.475029319524765]
[0.27904653549194336, 0.7209535241127014]
[0.9982249140739441, 0.0017751101404428482]
[0.14227019250392914, 0.8577298521995544]
[0.8767611980438232, 0.12323880940675735]
[0.17855550348758698, 0.821444571018219]
[0.1384495198726654, 0.8615504503250122]
[0.8374741077423096, 0.16252586245536804]
[0.5615126490592957, 0.4384874105453491]
[0.8996888995170593, 0.10031118988990784]
[0.38664233684539795, 0.613357663154602]
[0.9848431348800659, 0.015156904235482216]
[0.7953241467475891, 0.2046758383512497]
[0.8312088847160339, 0.16879115998744965]
[0.1315014362335205, 0.8684985637664795]
[0.07582689076662064, 0.9241730570793152]
[0.0863545835018158, 0.9136454463005066]
[0.931922435760498, 0.06807753443717957]
[0.19641023874282837, 0.8035898208618164]
[0.9099335670471191, 0.09006644040346146]
[0.641230046749115, 0.358769953250885]
[0.09946350008249283, 0.9005364775657654]
[0.9930726289749146, 0.0069273714907467365]
[0.9992099404335022, 0.000790034478995949]
[0.9880263805389404, 0.011973552405834198]
[0.09696566313505173, 0.9030343294143677]
[0.15278902649879456, 0.8472110033035278]
[0.752692461013794, 0.24730759859085083]
[0.19568060338497162, 0.8043193817138672]
[0.36100611090660095, 0.6389939785003662]
[0.6091508865356445, 0.39084911346435547]
[0.19862638413906097, 0.8013737201690674]
[0.14930063486099243, 0.8506993651390076]
[0.3175658583641052, 0.6824342012405396]
[0.5381108522415161, 0.4618890881538391]
[0.7534107565879822, 0.24658921360969543]
[0.8547297120094299, 0.14527033269405365]
[0.1546822041273117, 0.8453178405761719]
[0.08029769361019135, 0.9197023510932922]
[0.9934459328651428, 0.006554027087986469]
[0.34744927287101746, 0.6525507569313049]
[0.1999111771583557, 0.8000888824462891]
[0.17533475160598755, 0.8246653079986572]
[0.7208071947097778, 0.27919286489486694]
[0.10256019234657288, 0.8974398374557495]
[0.9441978931427002, 0.055802132934331894]
[0.9968290328979492, 0.0031710255425423384]
[0.9802361130714417, 0.01976388320326805]
[0.9201332926750183, 0.07986665517091751]
[0.4816184639930725, 0.5183815360069275]
[0.1836755871772766, 0.8163244724273682]
[0.0738244354724884, 0.926175594329834]
[0.5323368310928345, 0.4676631689071655]
[0.44212934374809265, 0.557870626449585]
[0.996377170085907, 0.0036227928940206766]
[0.9610105156898499, 0.03898950666189194]
[0.10161155462265015, 0.8983885049819946]
[0.003638066351413727, 0.9963618516921997]
[0.15768930315971375, 0.8423107862472534]
[0.9993863701820374, 0.0006137007148936391]
[0.9433704018592834, 0.056629572063684464]
[0.8328983187675476, 0.16710165143013]
[0.13926635682582855, 0.8607335686683655]
[0.11898969113826752, 0.8810102343559265]
[0.1389317363500595, 0.8610682487487793]
[0.12049157917499542, 0.8795084357261658]
[0.20240753889083862, 0.7975924015045166]
[0.996738851070404, 0.0032611428759992123]
[0.8993468284606934, 0.10065314173698425]
[0.7563770413398743, 0.24362291395664215]
[0.9892053604125977, 0.010794623754918575]
[0.9998506307601929, 0.00014929668395780027]
[0.9991068840026855, 0.0008931033662520349]
[0.08990276604890823, 0.9100971817970276]
[0.9442808032035828, 0.05571926012635231]
[0.28070831298828125, 0.7192916870117188]
[0.8998489379882812, 0.10015098005533218]
[0.9738159775733948, 0.026183931156992912]
[0.1785307228565216, 0.8214693069458008]
[0.9976421594619751, 0.002357891760766506]
[0.5144429206848145, 0.48555707931518555]
[0.9547660946846008, 0.045233987271785736]
[0.9665172100067139, 0.03348281979560852]
[0.7695925235748291, 0.23040743172168732]
[0.18070600926876068, 0.8192940354347229]
[0.9781308770179749, 0.021869050338864326]
[0.171455979347229, 0.828544020652771]
[0.19442470371723175, 0.8055753707885742]
[0.1563006490468979, 0.8436993360519409]
[0.3212997615337372, 0.6787002682685852]
[0.04841195419430733, 0.9515880346298218]
[0.08173124492168427, 0.9182687401771545]
[0.3121107518672943, 0.6878892183303833]
[0.15693651139736176, 0.843063473701477]
[0.10266813635826111, 0.8973318338394165]
[0.839661180973053, 0.1603388488292694]
[0.998779296875, 0.001220720005221665]
[0.5410614609718323, 0.4589385986328125]
[0.9645222425460815, 0.03547782450914383]
[0.10768364369869232, 0.8923164010047913]
[0.5444464683532715, 0.4555535614490509]
[0.25557777285575867, 0.7444223165512085]
[0.7806962728500366, 0.21930375695228577]
[0.7512692809104919, 0.24873067438602448]
[0.15877729654312134, 0.8412227034568787]
[0.33051711320877075, 0.6694828867912292]
[0.9502720832824707, 0.0497279092669487]
[0.14721058309078217, 0.8527894020080566]
[0.5339223146438599, 0.4660777449607849]
[0.813946008682251, 0.18605399131774902]
[0.9975579977035522, 0.002441946417093277]
[0.9242575168609619, 0.07574246823787689]
[0.12328565120697021, 0.8767143487930298]
[0.1688106209039688, 0.8311894536018372]
[0.9999262690544128, 7.376891153398901e-05]
[0.3046256899833679, 0.6953742504119873]
[0.24132958054542542, 0.7586703896522522]
[0.12333307415246964, 0.8766670227050781]
[0.5430477261543274, 0.4569522440433502]
[0.1680225431919098, 0.8319774866104126]
[0.1858040690422058, 0.8141958713531494]
[0.9237530827522278, 0.07624698430299759]
[0.10526230931282043, 0.894737720489502]
[0.9948014616966248, 0.0051984358578920364]
[0.26142582297325134, 0.738574206829071]
[0.10090673714876175, 0.8990932106971741]
[0.15257947146892548, 0.8474205732345581]
[0.8924211263656616, 0.10757899284362793]
[0.9993670582771301, 0.000632931652944535]
[0.1703181117773056, 0.8296818733215332]
[0.9962993264198303, 0.003700674045830965]
[0.10837423801422119, 0.8916258215904236]
[0.17824073135852814, 0.8217592835426331]
[0.9956303834915161, 0.004369674250483513]
[0.9518532752990723, 0.04814669117331505]
[0.09937500953674316, 0.9006249904632568]
[0.11775583028793335, 0.8822441697120667]
[0.191147580742836, 0.8088524341583252]
[0.15604598820209503, 0.8439539670944214]
[0.1204528883099556, 0.8795471787452698]
[0.9676495790481567, 0.0323503315448761]
[0.9755710959434509, 0.0244289617985487]
[0.10571650415658951, 0.8942835330963135]
[0.9717696309089661, 0.028230421245098114]
[0.6002037525177002, 0.39979636669158936]
[0.12667304277420044, 0.8733269572257996]
[0.13447371125221252, 0.8655262589454651]
[0.04757147654891014, 0.9524284601211548]
[0.1556084305047989, 0.8443915843963623]
[0.8343499898910522, 0.16565005481243134]
[0.0963626280426979, 0.9036372900009155]
[0.16303494572639465, 0.8369650840759277]
[0.6162954568862915, 0.38370463252067566]
[0.9794275164604187, 0.02057240717113018]
[0.1926727145910263, 0.8073272109031677]
[0.9790930151939392, 0.020906906574964523]
[0.14043529331684113, 0.8595646619796753]
[0.8751897215843201, 0.1248103603720665]
[0.10253100097179413, 0.8974690437316895]
[0.9720324873924255, 0.027967534959316254]
[0.8576956391334534, 0.14230436086654663]
[0.8788647055625916, 0.12113529443740845]
[0.8805320262908936, 0.11946787685155869]
[0.4483441710472107, 0.5516558289527893]
[0.9892876148223877, 0.010712371207773685]
[0.14739862084388733, 0.8526014089584351]
[0.6572378873825073, 0.3427620828151703]
[0.9796786308288574, 0.020321395248174667]
[0.18379859626293182, 0.816201388835907]
[0.3153015375137329, 0.6846984624862671]
[0.689211905002594, 0.310788094997406]
[0.11265164613723755, 0.8873483538627625]
[0.19477204978466034, 0.8052279353141785]
[0.8481077551841736, 0.15189231932163239]
[0.9094769954681396, 0.09052308648824692]
[0.9245549440383911, 0.07544509321451187]
[0.5322042107582092, 0.46779584884643555]
[0.03088071383535862, 0.9691193103790283]
[0.9856916069984436, 0.014308452606201172]
[0.9282810091972351, 0.07171900570392609]
[0.5845483541488647, 0.4154515862464905]
[0.8699706196784973, 0.13002939522266388]
[0.1338566392660141, 0.8661434054374695]
[0.9787968397140503, 0.02120318077504635]
[0.9897789359092712, 0.010221065953373909]
[0.11435072869062424, 0.8856493234634399]
[0.8335840702056885, 0.16641592979431152]
[0.9226188063621521, 0.0773811787366867]
[0.9529708027839661, 0.04702923446893692]
[0.14204376935958862, 0.8579562902450562]
[0.2616930305957794, 0.738306999206543]
[0.08018489927053452, 0.9198150634765625]
[0.8798425793647766, 0.12015745788812637]
[0.9393789768218994, 0.060621026903390884]
[0.8601677417755127, 0.1398322731256485]
[0.8690486550331116, 0.13095134496688843]
[0.16928383708000183, 0.8307162523269653]
[0.36194172501564026, 0.6380582451820374]
[0.8783615231513977, 0.12163848429918289]
[0.9319354295730591, 0.0680646151304245]
[0.10410796850919724, 0.8958920836448669]
[0.11686635762453079, 0.8831337094306946]
[0.1642906367778778, 0.8357093334197998]
[0.7693637609481812, 0.2306363433599472]
[0.853272557258606, 0.14672747254371643]
[0.9948144555091858, 0.005185524933040142]
[0.15836919844150543, 0.841630756855011]
[0.07818800210952759, 0.9218119978904724]
[0.09610487520694733, 0.9038951396942139]
[0.995222806930542, 0.004777163732796907]
[0.14353251457214355, 0.8564674854278564]
[0.017664257436990738, 0.9823357462882996]
[0.13207294046878815, 0.867927074432373]
[0.9837232232093811, 0.016276832669973373]
[0.11042679101228714, 0.8895732164382935]
[0.14791667461395264, 0.8520833253860474]
[0.09168674051761627, 0.9083132743835449]
[0.1897604763507843, 0.8102396130561829]
[0.565471887588501, 0.4345281422138214]
[0.12764127552509308, 0.8723587393760681]
[0.2126990407705307, 0.7873009443283081]
[0.23178315162658691, 0.7682169079780579]
[0.7770601511001587, 0.2229398787021637]
[0.9256831407546997, 0.07431691139936447]
[0.15236613154411316, 0.8476338982582092]
[0.14750421047210693, 0.8524957299232483]
[0.8584271669387817, 0.1415727734565735]
[0.857505202293396, 0.1424948126077652]
[0.48289811611175537, 0.5171018838882446]
[0.9701023101806641, 0.029897626489400864]
[0.834089994430542, 0.16590999066829681]
[0.09451061487197876, 0.905489444732666]
[0.8274856805801392, 0.17251434922218323]
[0.9945685267448425, 0.005431437399238348]
[0.31268078088760376, 0.6873191595077515]
[0.9726998805999756, 0.02730001136660576]
[0.9915797710418701, 0.008420273661613464]
[0.2027587592601776, 0.7972412109375]
[0.9840525984764099, 0.015947328880429268]
[0.2520400881767273, 0.7479598522186279]
[0.9096778631210327, 0.09032215923070908]
[0.8261266350746155, 0.17387337982654572]
[0.2494046539068222, 0.7505953907966614]
[0.06457975506782532, 0.9354202151298523]
[0.8819193840026855, 0.11808060109615326]
[0.7967641949653625, 0.20323586463928223]
[0.1537306308746338, 0.846269428730011]
[0.30373284220695496, 0.6962670683860779]
[0.7821148633956909, 0.21788519620895386]
[0.13873328268527985, 0.8612667322158813]
[0.23149172961711884, 0.7685083746910095]
[0.997267484664917, 0.0027324974071234465]
[0.9014342427253723, 0.09856577962636948]
[0.5517541170120239, 0.44824591279029846]
[0.9892182350158691, 0.010781768709421158]
[0.1963011771440506, 0.8036988377571106]
[0.10296928882598877, 0.8970307111740112]
[0.12409141659736633, 0.875908613204956]
[0.19522850215435028, 0.8047715425491333]
[0.37266072630882263, 0.6273393034934998]
[0.31883737444877625, 0.6811626553535461]
[0.14629891514778137, 0.8537010550498962]
[0.16992804408073425, 0.8300719261169434]
[0.15917837619781494, 0.8408215641975403]
[0.5345995426177979, 0.465400367975235]
[0.1270139068365097, 0.8729861378669739]
[0.9719440937042236, 0.028055857867002487]
[0.22047816216945648, 0.7795218229293823]
[0.1283787190914154, 0.871621310710907]
[0.9946134090423584, 0.005386670585721731]
[0.901790201663971, 0.09820978343486786]
[0.1637074500322342, 0.836292564868927]
[0.7579575181007385, 0.24204251170158386]
[0.049368999898433685, 0.9506309628486633]
[0.455096036195755, 0.5449039340019226]
[0.13822683691978455, 0.8617730736732483]
[0.9990524649620056, 0.0009474826510995626]
[0.18544264137744904, 0.8145573139190674]
[0.8059977889060974, 0.1940022110939026]
[0.17194460332393646, 0.8280554413795471]
[0.42227858304977417, 0.5777214169502258]
[0.7680690884590149, 0.2319309413433075]
[0.24631352722644806, 0.7536864876747131]
[0.9637225866317749, 0.036277495324611664]
[0.2940649688243866, 0.705935001373291]
[0.029372410848736763, 0.9706276059150696]
[0.9992738366127014, 0.0007262101280502975]
[0.5438706278800964, 0.45612940192222595]
[0.5190660953521729, 0.48093390464782715]
[0.9985016584396362, 0.0014983027940616012]
[0.957586944103241, 0.04241308569908142]
[0.4411982595920563, 0.5588017106056213]
[0.326145201921463, 0.6738548278808594]
[0.8752303123474121, 0.12476978451013565]
[0.9996604919433594, 0.00033946032635867596]
[0.5890588760375977, 0.4109412431716919]
[0.9966152906417847, 0.003384624607861042]
[0.27630874514579773, 0.7236912846565247]
[0.10181208699941635, 0.8981879353523254]
[0.3570294976234436, 0.6429704427719116]
[0.115200474858284, 0.8847994804382324]
[0.9180431365966797, 0.08195683360099792]
[0.7237780690193176, 0.2762219309806824]
[0.9479618072509766, 0.05203821510076523]
[0.6906459927558899, 0.3093539774417877]
[0.6622424125671387, 0.3377576172351837]
[0.9656370878219604, 0.03436295688152313]
[0.9976732730865479, 0.002326767425984144]
[0.5348668098449707, 0.4651332497596741]
[0.049916822463274, 0.9500831365585327]
[0.9725578427314758, 0.027442187070846558]
[0.9706677794456482, 0.02933223359286785]
[0.5222878456115723, 0.4777122139930725]
[0.996873676776886, 0.0031264068093150854]
[0.565872073173523, 0.4341278672218323]
[0.12181729078292847, 0.8781827092170715]
[0.14562273025512695, 0.8543772101402283]
[0.9543361663818359, 0.04566384479403496]
[0.8819481730461121, 0.11805180460214615]
[0.9197573065757751, 0.08024263381958008]
[0.9999082088470459, 9.174624574370682e-05]
[0.9909385442733765, 0.009061483666300774]
[0.11941935867071152, 0.880580723285675]
[0.1499878466129303, 0.8500121831893921]
[0.995697557926178, 0.00430247001349926]
[0.20514115691184998, 0.7948588728904724]
[0.7019956111907959, 0.29800426959991455]
[0.7627314925193787, 0.2372685670852661]
[0.6489391922950745, 0.35106080770492554]
[0.7401807904243469, 0.2598191499710083]
[0.9911323189735413, 0.008867660537362099]
[0.11398693919181824, 0.8860130906105042]
[0.43855586647987366, 0.5614441633224487]
[0.09999365359544754, 0.9000063538551331]
[0.8537024259567261, 0.1462976187467575]
[0.9455222487449646, 0.05447780340909958]
[0.5340725779533386, 0.4659273624420166]
[0.8560499548912048, 0.14395008981227875]
[0.46250683069229126, 0.5374932289123535]
[0.11618940532207489, 0.8838106393814087]
[0.7448123097419739, 0.2551877200603485]
[0.1554689258337021, 0.8445310592651367]
[0.9138111472129822, 0.08618886023759842]
[0.7589889168739319, 0.24101106822490692]
[0.9758809804916382, 0.024118950590491295]
[0.6471534967422485, 0.35284656286239624]
[0.99918133020401, 0.0008187062339857221]
[0.7597948908805847, 0.24020516872406006]
[0.8098220825195312, 0.19017793238162994]
[0.10605835914611816, 0.8939417004585266]
[0.13352568447589874, 0.8664743304252625]
[0.8792223334312439, 0.12077764421701431]
[0.9932514429092407, 0.00674850307404995]
[0.08821842074394226, 0.9117814898490906]
[0.9619957208633423, 0.03800433501601219]
[0.07632561028003693, 0.923674464225769]
[0.17746829986572266, 0.8225317597389221]
[0.15474523603916168, 0.8452547788619995]
[0.8941793441772461, 0.10582070052623749]
[0.12117255479097366, 0.8788273930549622]
[0.555746853351593, 0.44425317645072937]
[0.9644759893417358, 0.03552406653761864]
[0.5644031167030334, 0.4355967938899994]
[0.0739104151725769, 0.9260895848274231]
[0.9490156173706055, 0.050984445959329605]
[0.9762195944786072, 0.023780426010489464]
[0.11120662093162537, 0.888793408870697]
[0.540296196937561, 0.4597037732601166]
[0.9838311672210693, 0.01616879738867283]
[0.8525088429450989, 0.14749114215373993]
[0.12731271982192993, 0.8726873397827148]
[0.1510986089706421, 0.8489013314247131]
[0.3186461925506592, 0.6813538670539856]
[0.3335431218147278, 0.6664568781852722]
[0.9971022009849548, 0.002897783415392041]
[0.9990936517715454, 0.0009063708712346852]
[0.8913211226463318, 0.10867884010076523]
[0.33103370666503906, 0.6689662933349609]
[0.9990037083625793, 0.0009963492630049586]
[0.9649224281311035, 0.03507760912179947]
[0.9237020611763, 0.07629793882369995]
[0.29918372631073, 0.70081627368927]
[0.09238001704216003, 0.9076200127601624]
[0.697034478187561, 0.3029654622077942]
[0.22296050190925598, 0.7770395278930664]
[0.8387894034385681, 0.16121071577072144]
[0.16711147129535675, 0.8328885436058044]
[0.9695616364479065, 0.030438251793384552]
[0.2117222249507904, 0.7882778644561768]
[0.07486226409673691, 0.9251378178596497]
[0.9538974165916443, 0.046102654188871384]
[0.09585725516080856, 0.9041427969932556]
[0.8154224753379822, 0.18457747995853424]
[0.8443772792816162, 0.1556226760149002]
[0.05139816924929619, 0.9486017823219299]
[0.5320984721183777, 0.4679015874862671]
[0.19421133399009705, 0.8057886362075806]
[0.9748706817626953, 0.025129372254014015]
[0.996111273765564, 0.0038887320552021265]
[0.18186603486537933, 0.8181339502334595]
[0.9997838139533997, 0.0002162058517569676]
[0.175260990858078, 0.8247389793395996]
[0.5510762929916382, 0.4489237368106842]
[0.9370670318603516, 0.06293299049139023]
[0.11266454309225082, 0.8873355388641357]
[0.6316560506820679, 0.3683440387248993]
[0.18695132434368134, 0.8130486607551575]
[0.9998530745506287, 0.00014700910833198577]
[0.5509881973266602, 0.4490118622779846]
[0.31241607666015625, 0.687583863735199]
[0.9985066056251526, 0.0014933192869648337]
[0.5357553362846375, 0.46424469351768494]
[0.9984695911407471, 0.0015303966356441379]
[0.21368341147899628, 0.7863165140151978]
[0.9723772406578064, 0.02762274257838726]
[0.8652780652046204, 0.13472190499305725]
[0.22963891923427582, 0.770361065864563]
[0.15503472089767456, 0.8449652194976807]
[0.09591742604970932, 0.9040825963020325]
[0.9535579085350037, 0.04644213616847992]
[0.9841243624687195, 0.015875613316893578]
[0.05580590292811394, 0.9441941380500793]
[0.16928885877132416, 0.8307111859321594]
[0.1375270038843155, 0.8624729514122009]
[0.059639666229486465, 0.9403603076934814]
[0.9958620071411133, 0.0041379984468221664]
[0.15087296068668365, 0.8491270542144775]
[0.10735132545232773, 0.8926486968994141]
[0.9660106301307678, 0.03398938104510307]
[0.22749173641204834, 0.7725082039833069]
[0.9453670382499695, 0.05463305488228798]
[0.25613051652908325, 0.7438695430755615]
[0.14880095422267914, 0.8511989712715149]
[0.9757029414176941, 0.024297045543789864]
[0.9872682094573975, 0.012731809169054031]
[0.9849770069122314, 0.01502296980470419]
[0.994489312171936, 0.00551068689674139]
[0.9999175071716309, 8.251931285485625e-05]
[0.3021765947341919, 0.6978234052658081]
[0.9044734835624695, 0.09552648663520813]
[0.1767430603504181, 0.8232569694519043]
[0.23327389359474182, 0.7667261958122253]
[0.14822225272655487, 0.8517777919769287]
[6.431117071770132e-05, 0.9999356865882874]
[0.08486377447843552, 0.9151362180709839]
[0.14746171236038208, 0.8525382280349731]
[0.7076667547225952, 0.2923332452774048]
[0.9998428225517273, 0.00015715336485300213]
[0.8974364995956421, 0.10256357491016388]
[0.7846009135246277, 0.2153991162776947]
[0.7681367993354797, 0.23186327517032623]
[0.9575796723365784, 0.04242044687271118]
[0.8407911062240601, 0.15920890867710114]
[0.5415660738945007, 0.4584338963031769]
[0.2853699028491974, 0.714630126953125]
[0.9779372811317444, 0.02206278033554554]
[0.9007999300956726, 0.09920007735490799]
[0.9694151878356934, 0.03058481216430664]
[0.569405734539032, 0.4305943250656128]
[0.9270471334457397, 0.07295296341180801]
[0.15947480499744415, 0.840525209903717]
[0.9973779916763306, 0.0026220444124192]
[0.9765967726707458, 0.023403221741318703]
[0.6949564218521118, 0.3050435483455658]
[0.1773572862148285, 0.8226427435874939]
[0.1361231654882431, 0.8638768792152405]
[0.7856561541557312, 0.21434380114078522]
[0.8621545433998108, 0.13784544169902802]
[0.240047425031662, 0.7599524855613708]
[0.9825999140739441, 0.017400061711668968]
[0.5794315338134766, 0.4205685257911682]
[0.9989046454429626, 0.001095351530238986]
[0.10085280984640121, 0.8991471529006958]
[0.09653472155332565, 0.9034652709960938]
[0.7889394760131836, 0.2110605388879776]
[0.7868461608886719, 0.21315383911132812]
[0.7871631383895874, 0.21283692121505737]
[0.9745880365371704, 0.02541193924844265]
[0.5611897706985474, 0.4388102889060974]
[0.9653971791267395, 0.03460284322500229]
[0.8200824856758118, 0.17991749942302704]
[0.9961509704589844, 0.0038490169681608677]
[0.975338876247406, 0.02466108649969101]
[0.999356210231781, 0.000643764331471175]
[0.7304116487503052, 0.2695883810520172]
[0.9873103499412537, 0.01268969289958477]
[0.9860082268714905, 0.013991795480251312]
[0.13211999833583832, 0.8678800463676453]
[0.1291574388742447, 0.8708425760269165]
[0.954964280128479, 0.045035719871520996]
[0.7556357383728027, 0.24436423182487488]
[0.18286080658435822, 0.8171391487121582]
[0.30942869186401367, 0.6905713677406311]
[0.16233475506305695, 0.837665319442749]
[0.9124482274055481, 0.08755175024271011]
[0.8598094582557678, 0.14019054174423218]
[0.9815998077392578, 0.018400127068161964]
[0.39144715666770935, 0.608552873134613]
[0.968805193901062, 0.03119478188455105]
[0.1377023458480835, 0.8622975945472717]
[0.92857825756073, 0.07142175734043121]
[0.10221565514802933, 0.8977843523025513]
[0.7774521708488464, 0.22254781424999237]
[0.899203360080719, 0.10079663246870041]
[0.16920025646686554, 0.8307998180389404]
[0.1042967289686203, 0.8957033157348633]
[0.5468302965164185, 0.45316967368125916]
[0.25359973311424255, 0.7464002370834351]
[0.8122467994689941, 0.18775314092636108]
[0.04177265986800194, 0.9582273364067078]
[0.18078488111495972, 0.8192151188850403]
[0.8711545467376709, 0.1288454830646515]
[0.9186309576034546, 0.0813690796494484]
[0.1829623132944107, 0.8170377016067505]
[0.8864312767982483, 0.11356870085000992]
[0.9678264856338501, 0.032173532992601395]
[0.3339436948299408, 0.6660562753677368]
[0.15357106924057007, 0.8464289903640747]
[0.16425862908363342, 0.8357413411140442]
[0.47460663318634033, 0.5253933668136597]
[0.1612323820590973, 0.8387675881385803]
[0.16269825398921967, 0.8373017311096191]
[0.8288936018943787, 0.17110636830329895]
[0.9796645045280457, 0.02033541537821293]
[0.9651960730552673, 0.03480396792292595]
[0.22189979255199432, 0.7781001925468445]
[0.9952802658081055, 0.004719801712781191]
[0.17202937602996826, 0.8279707431793213]
[0.9987978935241699, 0.0012021022848784924]
[0.9939359426498413, 0.006064065266400576]
[0.08765167742967606, 0.9123483896255493]
[0.16632972657680511, 0.8336703181266785]
[0.08406010270118713, 0.9159398674964905]
[0.10610238462686539, 0.8938976526260376]
[0.9278989434242249, 0.07210113108158112]
[0.07523441314697266, 0.9247655868530273]
[0.1141408383846283, 0.8858591914176941]
[0.9993368983268738, 0.0006631109281443059]
[0.924630880355835, 0.07536913454532623]
[0.9864583611488342, 0.013541610911488533]
[0.18346665799617767, 0.8165333271026611]
[0.21844352781772614, 0.7815564274787903]
[0.10018301010131836, 0.8998170495033264]
[0.5866715312004089, 0.4133284091949463]
[0.0641665905714035, 0.9358334541320801]
[0.9887812733650208, 0.011218678206205368]
[0.19175194203853607, 0.8082480430603027]
[0.9966193437576294, 0.003380676032975316]
[0.36214303970336914, 0.6378570199012756]
[0.13662557303905487, 0.8633744716644287]
[0.22479666769504547, 0.7752033472061157]
[0.1885993778705597, 0.8114005923271179]
[0.13431613147258759, 0.8656838536262512]
[0.988235592842102, 0.01176440343260765]
[0.9932001233100891, 0.006799827329814434]
[0.8216728568077087, 0.17832717299461365]
[0.9039645195007324, 0.09603545814752579]
[0.18449243903160095, 0.8155075907707214]
[0.594853401184082, 0.40514659881591797]
[0.8665140867233276, 0.13348595798015594]
[0.6242774724960327, 0.3757224678993225]
[0.5475373268127441, 0.45246267318725586]
[0.15485969185829163, 0.845140278339386]
[0.9262546896934509, 0.07374532520771027]
[0.9219619035720825, 0.07803802937269211]
[0.1470540463924408, 0.8529459238052368]
[0.3216412663459778, 0.6783587336540222]
[0.3228200674057007, 0.6771799325942993]
[0.08051382005214691, 0.9194862246513367]
[0.13441480696201324, 0.8655852675437927]
[0.13545292615890503, 0.8645471334457397]
[0.9956607222557068, 0.004339234437793493]
[0.2227148860692978, 0.7772851586341858]
[0.05109967663884163, 0.9489003419876099]
[0.14180251955986023, 0.8581974506378174]
[0.11257757246494293, 0.8874223828315735]
[0.543540358543396, 0.456459641456604]
[0.4451860785484314, 0.5548139214515686]
[0.9505289196968079, 0.04947108402848244]
[0.26889151334762573, 0.7311084270477295]
[0.983252763748169, 0.016747286543250084]
[0.11544560641050339, 0.884554386138916]
[0.12862908840179443, 0.8713709712028503]
[0.9721420407295227, 0.027857942506670952]
[0.3277444541454315, 0.6722556352615356]
[0.1070844978094101, 0.8929155468940735]
[0.9135872721672058, 0.08641280233860016]
[0.08372465521097183, 0.9162753224372864]
[0.17457666993141174, 0.8254233002662659]
[0.1836155503988266, 0.8163844347000122]
[0.9683309197425842, 0.03166903927922249]
[0.6125558614730835, 0.3874441385269165]
[0.2705094814300537, 0.7294905781745911]
[0.8570927977561951, 0.14290723204612732]
[0.5520967841148376, 0.44790324568748474]
[0.5565640330314636, 0.44343599677085876]
[0.7836881875991821, 0.21631181240081787]
[0.9070719480514526, 0.0929279699921608]
[0.5787394046783447, 0.4212605953216553]
[0.33495354652404785, 0.6650465130805969]
[0.3631172180175781, 0.6368828415870667]
[0.1474919617176056, 0.852508008480072]
[0.18362851440906525, 0.816371500492096]
[0.9558924436569214, 0.04410760477185249]
[0.9539741277694702, 0.046025898307561874]
[0.4668894410133362, 0.5331105589866638]
[0.823318362236023, 0.17668159306049347]
[0.10947466641664505, 0.8905253410339355]
[0.983253002166748, 0.016746975481510162]
[0.16781124472618103, 0.8321887254714966]
[0.20322692394256592, 0.7967731356620789]
[0.631138801574707, 0.36886128783226013]
[0.13723526895046234, 0.8627647161483765]
[0.16858316957950592, 0.8314167857170105]
[0.15795080363750458, 0.842049241065979]
[0.03680300712585449, 0.9631970524787903]
[0.11815931648015976, 0.881840705871582]
[0.3719066381454468, 0.6280933618545532]
[0.911415159702301, 0.08858488500118256]
[0.10591012984514236, 0.894089937210083]
[0.22758546471595764, 0.7724145650863647]
[0.6641470193862915, 0.3358529508113861]
[0.12810161709785461, 0.8718984127044678]
[0.9405749440193176, 0.05942505970597267]
[0.8968960642814636, 0.10310391336679459]
[0.9848781228065491, 0.015121841803193092]
[0.2647098898887634, 0.7352901697158813]
[0.7468024492263794, 0.25319749116897583]
[0.9057273268699646, 0.0942726731300354]
[0.23610377311706543, 0.7638962268829346]
[0.6379054188728333, 0.36209461092948914]
[0.3579922914505005, 0.6420077681541443]
[0.9976169466972351, 0.0023830619174987078]
[0.26219189167022705, 0.7378081679344177]
[0.9818042516708374, 0.01819576323032379]
[0.107374407351017, 0.892625629901886]
[0.7740222215652466, 0.22597774863243103]
[0.9928645491600037, 0.00713534839451313]
[0.11546109616756439, 0.8845388889312744]
[0.8999780416488647, 0.10002193599939346]
[0.5291330218315125, 0.4708670377731323]
[0.9058812856674194, 0.09411879628896713]
[0.18030643463134766, 0.8196935653686523]
[0.10503953695297241, 0.8949605226516724]
[0.09031406044960022, 0.9096859097480774]
[0.5932186841964722, 0.40678131580352783]
[0.6187139749526978, 0.38128602504730225]
[0.5446795225143433, 0.45532044768333435]
[0.9720948934555054, 0.027905192226171494]
[0.12351334095001221, 0.8764867186546326]
[0.9987280368804932, 0.0012719781370833516]
[0.8148022890090942, 0.185197651386261]
[0.37407076358795166, 0.6259292364120483]
[0.0899924486875534, 0.9100075364112854]
[0.8846434354782104, 0.11535661667585373]
[0.9995825886726379, 0.0004174495697952807]
[0.22068557143211365, 0.7793145179748535]
[0.14271138608455658, 0.8572885990142822]
[0.7001305818557739, 0.2998694181442261]
[0.7984746098518372, 0.20152536034584045]
[0.10761865228414536, 0.8923813700675964]
[0.3704792261123657, 0.6295207738876343]
[0.5768947005271912, 0.4231053292751312]
[0.931293785572052, 0.06870622932910919]
[0.9723219275474548, 0.02767806500196457]
[0.11376691609621048, 0.8862330317497253]
[0.9031423926353455, 0.09685759991407394]
[0.14248698949813843, 0.8575130105018616]
[0.9709653854370117, 0.029034579172730446]
[0.5397095680236816, 0.46029043197631836]
[0.11524999141693115, 0.8847500681877136]
[0.9914654493331909, 0.00853449571877718]
[0.9305638074874878, 0.06943628191947937]
[0.9952346682548523, 0.004765296820551157]
[0.9293415546417236, 0.07065845280885696]
[0.981363832950592, 0.0186361875385046]
[0.2134481817483902, 0.786551833152771]
[0.15766014158725739, 0.8423398733139038]
[0.9893190264701843, 0.010680967010557652]
[0.9987521171569824, 0.0012478572316467762]
